ICIa = 101 0
RET1
ICIa = 50 1
RET1
ICIa = 25 0
RET1
ICIa = 12 1
RET1
ICIa = 6 0
RET1
ICIa = 3 0
LASIZE = 3
pb

A: 61 90 56 48 8 46 100 87 0 18 98 1 11 81 39 28 2 69 50 49 38 86 57 67 20 75 80 73 43 25 21 71 16 83 24 15 97 54 34 89 68 92 36 76 70 41 37 59 30 51 91 65 23 44 31 47 74 19 79 17 27 29 9 45 64 42 88 6 96 93 77 26 52 33 85 13 12 84 4 55 22 5 72 94 3 63 7 60 35 78 62 53 32 10 14 99 66 82 40 95
B: 58

pb

A: 90 56 48 8 46 100 87 0 18 98 1 11 81 39 28 2 69 50 49 38 86 57 67 20 75 80 73 43 25 21 71 16 83 24 15 97 54 34 89 68 92 36 76 70 41 37 59 30 51 91 65 23 44 31 47 74 19 79 17 27 29 9 45 64 42 88 6 96 93 77 26 52 33 85 13 12 84 4 55 22 5 72 94 3 63 7 60 35 78 62 53 32 10 14 99 66 82 40 95
B: 61 58

pb

A: 56 48 8 46 100 87 0 18 98 1 11 81 39 28 2 69 50 49 38 86 57 67 20 75 80 73 43 25 21 71 16 83 24 15 97 54 34 89 68 92 36 76 70 41 37 59 30 51 91 65 23 44 31 47 74 19 79 17 27 29 9 45 64 42 88 6 96 93 77 26 52 33 85 13 12 84 4 55 22 5 72 94 3 63 7 60 35 78 62 53 32 10 14 99 66 82 40 95
B: 90 61 58

sa
sb
ra
sa
rra
sa
rb
sb
rrb
sb
TESTA2 = 6
pb1
rb3
pb1
rb3
pb1
rb3
rb3
rb3
rb4
rrb3
rrb3
rrb3
rrb3
rrb3
rrb3
TEST = 6 0
RET2
ICIa = 6 0
RET1
ICIa = 3 0
LASIZE = 3
pb

A: 100 87 0 18 98 1 11 81 39 28 2 69 50 49 38 86 57 67 20 75 80 73 43 25 21 71 16 83 24 15 97 54 34 89 68 92 36 76 70 41 37 59 30 51 91 65 23 44 31 47 74 19 79 17 27 29 9 45 64 42 88 6 96 93 77 26 52 33 85 13 12 84 4 55 22 5 72 94 3 63 7 60 35 78 62 53 32 10 14 99 66 82 40 95
B: 46 8 48 56 58 61 90

pb

A: 87 0 18 98 1 11 81 39 28 2 69 50 49 38 86 57 67 20 75 80 73 43 25 21 71 16 83 24 15 97 54 34 89 68 92 36 76 70 41 37 59 30 51 91 65 23 44 31 47 74 19 79 17 27 29 9 45 64 42 88 6 96 93 77 26 52 33 85 13 12 84 4 55 22 5 72 94 3 63 7 60 35 78 62 53 32 10 14 99 66 82 40 95
B: 100 46 8 48 56 58 61 90

pb

A: 0 18 98 1 11 81 39 28 2 69 50 49 38 86 57 67 20 75 80 73 43 25 21 71 16 83 24 15 97 54 34 89 68 92 36 76 70 41 37 59 30 51 91 65 23 44 31 47 74 19 79 17 27 29 9 45 64 42 88 6 96 93 77 26 52 33 85 13 12 84 4 55 22 5 72 94 3 63 7 60 35 78 62 53 32 10 14 99 66 82 40 95
B: 87 100 46 8 48 56 58 61 90

rb
sb
rrb
sb
TESTA2 = 6
pb1
rb3
pb1
rb3
rb3
rb3
pb1
rb3
rb4
rrb3
rrb3
rrb3
rrb3
rrb3
rrb3
TEST = 6 0
RET2
ICIa = 6 0
RET1
ICIa = 3 0
LASIZE = 3
pb

A: 11 81 39 28 2 69 50 49 38 86 57 67 20 75 80 73 43 25 21 71 16 83 24 15 97 54 34 89 68 92 36 76 70 41 37 59 30 51 91 65 23 44 31 47 74 19 79 17 27 29 9 45 64 42 88 6 96 93 77 26 52 33 85 13 12 84 4 55 22 5 72 94 3 63 7 60 35 78 62 53 32 10 14 99 66 82 40 95
B: 1 0 18 46 87 98 100 8 48 56 58 61 90

pb

A: 81 39 28 2 69 50 49 38 86 57 67 20 75 80 73 43 25 21 71 16 83 24 15 97 54 34 89 68 92 36 76 70 41 37 59 30 51 91 65 23 44 31 47 74 19 79 17 27 29 9 45 64 42 88 6 96 93 77 26 52 33 85 13 12 84 4 55 22 5 72 94 3 63 7 60 35 78 62 53 32 10 14 99 66 82 40 95
B: 11 1 0 18 46 87 98 100 8 48 56 58 61 90

pb

A: 39 28 2 69 50 49 38 86 57 67 20 75 80 73 43 25 21 71 16 83 24 15 97 54 34 89 68 92 36 76 70 41 37 59 30 51 91 65 23 44 31 47 74 19 79 17 27 29 9 45 64 42 88 6 96 93 77 26 52 33 85 13 12 84 4 55 22 5 72 94 3 63 7 60 35 78 62 53 32 10 14 99 66 82 40 95
B: 81 11 1 0 18 46 87 98 100 8 48 56 58 61 90

sa
sb
ra
sa
rra
sa
rb
sb
rrb
sb
TESTA2 = 6
rb3
pb1
rb3
rb3
pb1
rb3
pb1
rb3
rb4
rrb3
rrb3
rrb3
rrb3
rrb3
rrb3
TEST = 6 0
RET2
ICIa = 6 0
RET1
ICIa = 3 0
LASIZE = 3
pb

A: 50 49 38 86 57 67 20 75 80 73 43 25 21 71 16 83 24 15 97 54 34 89 68 92 36 76 70 41 37 59 30 51 91 65 23 44 31 47 74 19 79 17 27 29 9 45 64 42 88 6 96 93 77 26 52 33 85 13 12 84 4 55 22 5 72 94 3 63 7 60 35 78 62 53 32 10 14 99 66 82 40 95
B: 69 1 2 11 28 39 81 0 18 46 87 98 100 8 48 56 58 61 90

pb

A: 49 38 86 57 67 20 75 80 73 43 25 21 71 16 83 24 15 97 54 34 89 68 92 36 76 70 41 37 59 30 51 91 65 23 44 31 47 74 19 79 17 27 29 9 45 64 42 88 6 96 93 77 26 52 33 85 13 12 84 4 55 22 5 72 94 3 63 7 60 35 78 62 53 32 10 14 99 66 82 40 95
B: 50 69 1 2 11 28 39 81 0 18 46 87 98 100 8 48 56 58 61 90

pb

A: 38 86 57 67 20 75 80 73 43 25 21 71 16 83 24 15 97 54 34 89 68 92 36 76 70 41 37 59 30 51 91 65 23 44 31 47 74 19 79 17 27 29 9 45 64 42 88 6 96 93 77 26 52 33 85 13 12 84 4 55 22 5 72 94 3 63 7 60 35 78 62 53 32 10 14 99 66 82 40 95
B: 49 50 69 1 2 11 28 39 81 0 18 46 87 98 100 8 48 56 58 61 90

ra
sa
rra
TESTA2 = 6
pb1
rb3
rb3
rb3
pb1
rb3
rb4
pb2
rb2
rrb3
rrb3
rrb3
rrb3
rrb3
rrb3
TEST = 6 0
RET2
ICIa = 6 0
RET1
ICIa = 3 0
LASIZE = 3
pb

A: 20 75 80 73 43 25 21 71 16 83 24 15 97 54 34 89 68 92 36 76 70 41 37 59 30 51 91 65 23 44 31 47 74 19 79 17 27 29 9 45 64 42 88 6 96 93 77 26 52 33 85 13 12 84 4 55 22 5 72 94 3 63 7 60 35 78 62 53 32 10 14 99 66 82 40 95
B: 67 38 49 50 57 69 86 1 2 11 28 39 81 0 18 46 87 98 100 8 48 56 58 61 90

pb

A: 75 80 73 43 25 21 71 16 83 24 15 97 54 34 89 68 92 36 76 70 41 37 59 30 51 91 65 23 44 31 47 74 19 79 17 27 29 9 45 64 42 88 6 96 93 77 26 52 33 85 13 12 84 4 55 22 5 72 94 3 63 7 60 35 78 62 53 32 10 14 99 66 82 40 95
B: 20 67 38 49 50 57 69 86 1 2 11 28 39 81 0 18 46 87 98 100 8 48 56 58 61 90

pb

A: 80 73 43 25 21 71 16 83 24 15 97 54 34 89 68 92 36 76 70 41 37 59 30 51 91 65 23 44 31 47 74 19 79 17 27 29 9 45 64 42 88 6 96 93 77 26 52 33 85 13 12 84 4 55 22 5 72 94 3 63 7 60 35 78 62 53 32 10 14 99 66 82 40 95
B: 75 20 67 38 49 50 57 69 86 1 2 11 28 39 81 0 18 46 87 98 100 8 48 56 58 61 90

sa
sb
ra
sa
rra
sa
rb
sb
rrb
TESTA2 = 6
rb3
pb1
rb3
rb3
pb1
rb3
rb4
pb2
rb2
rrb3
rrb3
rrb3
rrb3
rrb3
rrb3
TEST = 6 0
RET2
ICIa = 6 0
RET1
ICIa = 3 0
LASIZE = 3
pb

A: 21 71 16 83 24 15 97 54 34 89 68 92 36 76 70 41 37 59 30 51 91 65 23 44 31 47 74 19 79 17 27 29 9 45 64 42 88 6 96 93 77 26 52 33 85 13 12 84 4 55 22 5 72 94 3 63 7 60 35 78 62 53 32 10 14 99 66 82 40 95
B: 25 20 43 67 73 75 80 38 49 50 57 69 86 1 2 11 28 39 81 0 18 46 87 98 100 8 48 56 58 61 90

pb

A: 71 16 83 24 15 97 54 34 89 68 92 36 76 70 41 37 59 30 51 91 65 23 44 31 47 74 19 79 17 27 29 9 45 64 42 88 6 96 93 77 26 52 33 85 13 12 84 4 55 22 5 72 94 3 63 7 60 35 78 62 53 32 10 14 99 66 82 40 95
B: 21 25 20 43 67 73 75 80 38 49 50 57 69 86 1 2 11 28 39 81 0 18 46 87 98 100 8 48 56 58 61 90

pb

A: 16 83 24 15 97 54 34 89 68 92 36 76 70 41 37 59 30 51 91 65 23 44 31 47 74 19 79 17 27 29 9 45 64 42 88 6 96 93 77 26 52 33 85 13 12 84 4 55 22 5 72 94 3 63 7 60 35 78 62 53 32 10 14 99 66 82 40 95
B: 71 21 25 20 43 67 73 75 80 38 49 50 57 69 86 1 2 11 28 39 81 0 18 46 87 98 100 8 48 56 58 61 90

sb
ra
sa
rra
rb
sb
rrb
TESTA2 = 6
pb1
rb3
rb3
pb1
rb3
rb3
rb4
pb2
rb2
rrb3
rrb3
rrb3
rrb3
rrb3
rrb3
TEST = 6 0
RET2
ICIa = 6 0
RET1
ICIa = 3 0
LASIZE = 3
pb

A: 97 54 34 89 68 92 36 76 70 41 37 59 30 51 91 65 23 44 31 47 74 19 79 17 27 29 9 45 64 42 88 6 96 93 77 26 52 33 85 13 12 84 4 55 22 5 72 94 3 63 7 60 35 78 62 53 32 10 14 99 66 82 40 95
B: 15 16 21 24 25 71 83 20 43 67 73 75 80 38 49 50 57 69 86 1 2 11 28 39 81 0 18 46 87 98 100 8 48 56 58 61 90

pb

A: 54 34 89 68 92 36 76 70 41 37 59 30 51 91 65 23 44 31 47 74 19 79 17 27 29 9 45 64 42 88 6 96 93 77 26 52 33 85 13 12 84 4 55 22 5 72 94 3 63 7 60 35 78 62 53 32 10 14 99 66 82 40 95
B: 97 15 16 21 24 25 71 83 20 43 67 73 75 80 38 49 50 57 69 86 1 2 11 28 39 81 0 18 46 87 98 100 8 48 56 58 61 90

pb

A: 34 89 68 92 36 76 70 41 37 59 30 51 91 65 23 44 31 47 74 19 79 17 27 29 9 45 64 42 88 6 96 93 77 26 52 33 85 13 12 84 4 55 22 5 72 94 3 63 7 60 35 78 62 53 32 10 14 99 66 82 40 95
B: 54 97 15 16 21 24 25 71 83 20 43 67 73 75 80 38 49 50 57 69 86 1 2 11 28 39 81 0 18 46 87 98 100 8 48 56 58 61 90

ra
sa
rra
rb
sb
rrb
sb
TESTA2 = 6
rb3
pb1
rb3
rb3
pb1
rb3
pb1
rb3
rb4
rrb3
rrb3
rrb3
rrb3
rrb3
rrb3
TEST = 6 0
RET2
ICIa = 6 0
RET1
ICIa = 3 0
LASIZE = 3
pb

A: 36 76 70 41 37 59 30 51 91 65 23 44 31 47 74 19 79 17 27 29 9 45 64 42 88 6 96 93 77 26 52 33 85 13 12 84 4 55 22 5 72 94 3 63 7 60 35 78 62 53 32 10 14 99 66 82 40 95
B: 92 15 34 54 68 89 97 16 21 24 25 71 83 20 43 67 73 75 80 38 49 50 57 69 86 1 2 11 28 39 81 0 18 46 87 98 100 8 48 56 58 61 90

pb

A: 76 70 41 37 59 30 51 91 65 23 44 31 47 74 19 79 17 27 29 9 45 64 42 88 6 96 93 77 26 52 33 85 13 12 84 4 55 22 5 72 94 3 63 7 60 35 78 62 53 32 10 14 99 66 82 40 95
B: 36 92 15 34 54 68 89 97 16 21 24 25 71 83 20 43 67 73 75 80 38 49 50 57 69 86 1 2 11 28 39 81 0 18 46 87 98 100 8 48 56 58 61 90

pb

A: 70 41 37 59 30 51 91 65 23 44 31 47 74 19 79 17 27 29 9 45 64 42 88 6 96 93 77 26 52 33 85 13 12 84 4 55 22 5 72 94 3 63 7 60 35 78 62 53 32 10 14 99 66 82 40 95
B: 76 36 92 15 34 54 68 89 97 16 21 24 25 71 83 20 43 67 73 75 80 38 49 50 57 69 86 1 2 11 28 39 81 0 18 46 87 98 100 8 48 56 58 61 90

sa
sb
ra
sa
rra
sa
TESTA2 = 6
rb3
pb1
rb3
pb1
rb3
pb1
rb3
rb3
rb4
rrb3
rrb3
rrb3
rrb3
rrb3
rrb3
TEST = 6 0
RET2
ICIa = 6 0
RET1
ICIa = 3 0
LASIZE = 3
pb

A: 30 51 91 65 23 44 31 47 74 19 79 17 27 29 9 45 64 42 88 6 96 93 77 26 52 33 85 13 12 84 4 55 22 5 72 94 3 63 7 60 35 78 62 53 32 10 14 99 66 82 40 95
B: 59 36 37 41 70 76 92 15 34 54 68 89 97 16 21 24 25 71 83 20 43 67 73 75 80 38 49 50 57 69 86 1 2 11 28 39 81 0 18 46 87 98 100 8 48 56 58 61 90

pb

A: 51 91 65 23 44 31 47 74 19 79 17 27 29 9 45 64 42 88 6 96 93 77 26 52 33 85 13 12 84 4 55 22 5 72 94 3 63 7 60 35 78 62 53 32 10 14 99 66 82 40 95
B: 30 59 36 37 41 70 76 92 15 34 54 68 89 97 16 21 24 25 71 83 20 43 67 73 75 80 38 49 50 57 69 86 1 2 11 28 39 81 0 18 46 87 98 100 8 48 56 58 61 90

pb

A: 91 65 23 44 31 47 74 19 79 17 27 29 9 45 64 42 88 6 96 93 77 26 52 33 85 13 12 84 4 55 22 5 72 94 3 63 7 60 35 78 62 53 32 10 14 99 66 82 40 95
B: 51 30 59 36 37 41 70 76 92 15 34 54 68 89 97 16 21 24 25 71 83 20 43 67 73 75 80 38 49 50 57 69 86 1 2 11 28 39 81 0 18 46 87 98 100 8 48 56 58 61 90

sa
sb
ra
sa
rra
sa
TESTA2 = 6
pb1
rb3
rb3
rb3
rb4
pb2
rb2
pb2
rb2
rrb3
rrb3
rrb3
rrb3
rrb3
rrb3
TEST = 6 0
RET2
ICIa = 6 0
RET1
ICIa = 3 0
LASIZE = 3
pb

A: 31 47 74 19 79 17 27 29 9 45 64 42 88 6 96 93 77 26 52 33 85 13 12 84 4 55 22 5 72 94 3 63 7 60 35 78 62 53 32 10 14 99 66 82 40 95
B: 44 23 30 51 59 65 91 36 37 41 70 76 92 15 34 54 68 89 97 16 21 24 25 71 83 20 43 67 73 75 80 38 49 50 57 69 86 1 2 11 28 39 81 0 18 46 87 98 100 8 48 56 58 61 90

pb

A: 47 74 19 79 17 27 29 9 45 64 42 88 6 96 93 77 26 52 33 85 13 12 84 4 55 22 5 72 94 3 63 7 60 35 78 62 53 32 10 14 99 66 82 40 95
B: 31 44 23 30 51 59 65 91 36 37 41 70 76 92 15 34 54 68 89 97 16 21 24 25 71 83 20 43 67 73 75 80 38 49 50 57 69 86 1 2 11 28 39 81 0 18 46 87 98 100 8 48 56 58 61 90

pb

A: 74 19 79 17 27 29 9 45 64 42 88 6 96 93 77 26 52 33 85 13 12 84 4 55 22 5 72 94 3 63 7 60 35 78 62 53 32 10 14 99 66 82 40 95
B: 47 31 44 23 30 51 59 65 91 36 37 41 70 76 92 15 34 54 68 89 97 16 21 24 25 71 83 20 43 67 73 75 80 38 49 50 57 69 86 1 2 11 28 39 81 0 18 46 87 98 100 8 48 56 58 61 90

sa
sb
rb
sb
rrb
TESTA2 = 6
pb1
rb3
rb3
rb3
rb4
pb2
rb2
pb2
rb2
rrb3
rrb3
rrb3
rrb3
rrb3
rrb3
TEST = 6 0
RET2
ICIa = 6 0
RET1
ICIa = 3 0
LASIZE = 3
pb

A: 27 29 9 45 64 42 88 6 96 93 77 26 52 33 85 13 12 84 4 55 22 5 72 94 3 63 7 60 35 78 62 53 32 10 14 99 66 82 40 95
B: 17 19 31 44 47 74 79 23 30 51 59 65 91 36 37 41 70 76 92 15 34 54 68 89 97 16 21 24 25 71 83 20 43 67 73 75 80 38 49 50 57 69 86 1 2 11 28 39 81 0 18 46 87 98 100 8 48 56 58 61 90

pb

A: 29 9 45 64 42 88 6 96 93 77 26 52 33 85 13 12 84 4 55 22 5 72 94 3 63 7 60 35 78 62 53 32 10 14 99 66 82 40 95
B: 27 17 19 31 44 47 74 79 23 30 51 59 65 91 36 37 41 70 76 92 15 34 54 68 89 97 16 21 24 25 71 83 20 43 67 73 75 80 38 49 50 57 69 86 1 2 11 28 39 81 0 18 46 87 98 100 8 48 56 58 61 90

pb

A: 9 45 64 42 88 6 96 93 77 26 52 33 85 13 12 84 4 55 22 5 72 94 3 63 7 60 35 78 62 53 32 10 14 99 66 82 40 95
B: 29 27 17 19 31 44 47 74 79 23 30 51 59 65 91 36 37 41 70 76 92 15 34 54 68 89 97 16 21 24 25 71 83 20 43 67 73 75 80 38 49 50 57 69 86 1 2 11 28 39 81 0 18 46 87 98 100 8 48 56 58 61 90

sb
rb
sb
rrb
sb
TESTA2 = 6
pb1
rb3
rb3
rb3
rb4
pb2
rb2
pb2
rb2
rrb3
rrb3
rrb3
rrb3
rrb3
rrb3
TEST = 6 0
RET2
ICIa = 6 0
RET1
ICIa = 3 0
LASIZE = 3
pb

A: 88 6 96 93 77 26 52 33 85 13 12 84 4 55 22 5 72 94 3 63 7 60 35 78 62 53 32 10 14 99 66 82 40 95
B: 42 9 17 27 29 45 64 19 31 44 47 74 79 23 30 51 59 65 91 36 37 41 70 76 92 15 34 54 68 89 97 16 21 24 25 71 83 20 43 67 73 75 80 38 49 50 57 69 86 1 2 11 28 39 81 0 18 46 87 98 100 8 48 56 58 61 90

pb

A: 6 96 93 77 26 52 33 85 13 12 84 4 55 22 5 72 94 3 63 7 60 35 78 62 53 32 10 14 99 66 82 40 95
B: 88 42 9 17 27 29 45 64 19 31 44 47 74 79 23 30 51 59 65 91 36 37 41 70 76 92 15 34 54 68 89 97 16 21 24 25 71 83 20 43 67 73 75 80 38 49 50 57 69 86 1 2 11 28 39 81 0 18 46 87 98 100 8 48 56 58 61 90

pb

A: 96 93 77 26 52 33 85 13 12 84 4 55 22 5 72 94 3 63 7 60 35 78 62 53 32 10 14 99 66 82 40 95
B: 6 88 42 9 17 27 29 45 64 19 31 44 47 74 79 23 30 51 59 65 91 36 37 41 70 76 92 15 34 54 68 89 97 16 21 24 25 71 83 20 43 67 73 75 80 38 49 50 57 69 86 1 2 11 28 39 81 0 18 46 87 98 100 8 48 56 58 61 90

sa
ra
sa
rra
sa
rb
sb
rrb
TESTA2 = 6
rb3
rb3
pb1
rb3
rb4
pb2
rb2
pb2
rb2
rrb3
rrb3
rrb3
rrb3
rrb3
rrb3
TEST = 6 0
RET2
ICIa = 6 0
RET1
ICIa = 3 0
LASIZE = 3
pb

A: 52 33 85 13 12 84 4 55 22 5 72 94 3 63 7 60 35 78 62 53 32 10 14 99 66 82 40 95
B: 26 6 42 77 88 93 96 9 17 27 29 45 64 19 31 44 47 74 79 23 30 51 59 65 91 36 37 41 70 76 92 15 34 54 68 89 97 16 21 24 25 71 83 20 43 67 73 75 80 38 49 50 57 69 86 1 2 11 28 39 81 0 18 46 87 98 100 8 48 56 58 61 90

pb

A: 33 85 13 12 84 4 55 22 5 72 94 3 63 7 60 35 78 62 53 32 10 14 99 66 82 40 95
B: 52 26 6 42 77 88 93 96 9 17 27 29 45 64 19 31 44 47 74 79 23 30 51 59 65 91 36 37 41 70 76 92 15 34 54 68 89 97 16 21 24 25 71 83 20 43 67 73 75 80 38 49 50 57 69 86 1 2 11 28 39 81 0 18 46 87 98 100 8 48 56 58 61 90

pb

A: 85 13 12 84 4 55 22 5 72 94 3 63 7 60 35 78 62 53 32 10 14 99 66 82 40 95
B: 33 52 26 6 42 77 88 93 96 9 17 27 29 45 64 19 31 44 47 74 79 23 30 51 59 65 91 36 37 41 70 76 92 15 34 54 68 89 97 16 21 24 25 71 83 20 43 67 73 75 80 38 49 50 57 69 86 1 2 11 28 39 81 0 18 46 87 98 100 8 48 56 58 61 90

sa
ra
sa
rra
sa
rb
sb
rrb
sb
TESTA2 = 6
pb1
rb3
pb1
rb3
rb3
rb3
rb4
pb2
rb2
rrb3
rrb3
rrb3
rrb3
rrb3
rrb3
TEST = 6 0
RET2
ICIa = 6 0
RET1
ICIa = 3 0
LASIZE = 3
pb

A: 4 55 22 5 72 94 3 63 7 60 35 78 62 53 32 10 14 99 66 82 40 95
B: 84 12 13 26 33 52 85 6 42 77 88 93 96 9 17 27 29 45 64 19 31 44 47 74 79 23 30 51 59 65 91 36 37 41 70 76 92 15 34 54 68 89 97 16 21 24 25 71 83 20 43 67 73 75 80 38 49 50 57 69 86 1 2 11 28 39 81 0 18 46 87 98 100 8 48 56 58 61 90

pb

A: 55 22 5 72 94 3 63 7 60 35 78 62 53 32 10 14 99 66 82 40 95
B: 4 84 12 13 26 33 52 85 6 42 77 88 93 96 9 17 27 29 45 64 19 31 44 47 74 79 23 30 51 59 65 91 36 37 41 70 76 92 15 34 54 68 89 97 16 21 24 25 71 83 20 43 67 73 75 80 38 49 50 57 69 86 1 2 11 28 39 81 0 18 46 87 98 100 8 48 56 58 61 90

pb

A: 22 5 72 94 3 63 7 60 35 78 62 53 32 10 14 99 66 82 40 95
B: 55 4 84 12 13 26 33 52 85 6 42 77 88 93 96 9 17 27 29 45 64 19 31 44 47 74 79 23 30 51 59 65 91 36 37 41 70 76 92 15 34 54 68 89 97 16 21 24 25 71 83 20 43 67 73 75 80 38 49 50 57 69 86 1 2 11 28 39 81 0 18 46 87 98 100 8 48 56 58 61 90

sa
sb
TESTA2 = 6
rb3
pb1
rb3
pb1
rb3
rb3
pb1
rb3
rb4
rrb3
rrb3
rrb3
rrb3
rrb3
rrb3
TEST = 6 0
RET2
ICIa = 6 0
RET1
ICIa = 3 0
LASIZE = 3
pb

A: 3 63 7 60 35 78 62 53 32 10 14 99 66 82 40 95
B: 94 4 5 22 55 72 84 12 13 26 33 52 85 6 42 77 88 93 96 9 17 27 29 45 64 19 31 44 47 74 79 23 30 51 59 65 91 36 37 41 70 76 92 15 34 54 68 89 97 16 21 24 25 71 83 20 43 67 73 75 80 38 49 50 57 69 86 1 2 11 28 39 81 0 18 46 87 98 100 8 48 56 58 61 90

pb

A: 63 7 60 35 78 62 53 32 10 14 99 66 82 40 95
B: 3 94 4 5 22 55 72 84 12 13 26 33 52 85 6 42 77 88 93 96 9 17 27 29 45 64 19 31 44 47 74 79 23 30 51 59 65 91 36 37 41 70 76 92 15 34 54 68 89 97 16 21 24 25 71 83 20 43 67 73 75 80 38 49 50 57 69 86 1 2 11 28 39 81 0 18 46 87 98 100 8 48 56 58 61 90

pb

A: 7 60 35 78 62 53 32 10 14 99 66 82 40 95
B: 63 3 94 4 5 22 55 72 84 12 13 26 33 52 85 6 42 77 88 93 96 9 17 27 29 45 64 19 31 44 47 74 79 23 30 51 59 65 91 36 37 41 70 76 92 15 34 54 68 89 97 16 21 24 25 71 83 20 43 67 73 75 80 38 49 50 57 69 86 1 2 11 28 39 81 0 18 46 87 98 100 8 48 56 58 61 90

sb
ra
sa
rra
TESTA2 = 6
rb3
pb1
rb3
pb1
rb3
pb1
rb3
rb3
rb4
rrb3
rrb3
rrb3
rrb3
rrb3
rrb3
TEST = 6 0
RET2
ICIa = 6 0
RET1
ICIa = 3 0
LASIZE = 3
pb

A: 62 53 32 10 14 99 66 82 40 95
B: 78 3 7 35 60 63 94 4 5 22 55 72 84 12 13 26 33 52 85 6 42 77 88 93 96 9 17 27 29 45 64 19 31 44 47 74 79 23 30 51 59 65 91 36 37 41 70 76 92 15 34 54 68 89 97 16 21 24 25 71 83 20 43 67 73 75 80 38 49 50 57 69 86 1 2 11 28 39 81 0 18 46 87 98 100 8 48 56 58 61 90

pb

A: 53 32 10 14 99 66 82 40 95
B: 62 78 3 7 35 60 63 94 4 5 22 55 72 84 12 13 26 33 52 85 6 42 77 88 93 96 9 17 27 29 45 64 19 31 44 47 74 79 23 30 51 59 65 91 36 37 41 70 76 92 15 34 54 68 89 97 16 21 24 25 71 83 20 43 67 73 75 80 38 49 50 57 69 86 1 2 11 28 39 81 0 18 46 87 98 100 8 48 56 58 61 90

pb

A: 32 10 14 99 66 82 40 95
B: 53 62 78 3 7 35 60 63 94 4 5 22 55 72 84 12 13 26 33 52 85 6 42 77 88 93 96 9 17 27 29 45 64 19 31 44 47 74 79 23 30 51 59 65 91 36 37 41 70 76 92 15 34 54 68 89 97 16 21 24 25 71 83 20 43 67 73 75 80 38 49 50 57 69 86 1 2 11 28 39 81 0 18 46 87 98 100 8 48 56 58 61 90

sa
ra
sa
rra
TESTA2 = 6
pb1
rb3
pb1
rb3
pb1
rb3
rb3
rb3
rb4
rrb3
rrb3
rrb3
rrb3
rrb3
rrb3
TEST = 6 0
RET2
ICIa = 6 0
RET1
ICIa = 3 0
LASIZE = 3
pb

A: 66 82 40 95
B: 99 10 14 32 53 62 78 3 7 35 60 63 94 4 5 22 55 72 84 12 13 26 33 52 85 6 42 77 88 93 96 9 17 27 29 45 64 19 31 44 47 74 79 23 30 51 59 65 91 36 37 41 70 76 92 15 34 54 68 89 97 16 21 24 25 71 83 20 43 67 73 75 80 38 49 50 57 69 86 1 2 11 28 39 81 0 18 46 87 98 100 8 48 56 58 61 90

pb

A: 82 40 95
B: 66 99 10 14 32 53 62 78 3 7 35 60 63 94 4 5 22 55 72 84 12 13 26 33 52 85 6 42 77 88 93 96 9 17 27 29 45 64 19 31 44 47 74 79 23 30 51 59 65 91 36 37 41 70 76 92 15 34 54 68 89 97 16 21 24 25 71 83 20 43 67 73 75 80 38 49 50 57 69 86 1 2 11 28 39 81 0 18 46 87 98 100 8 48 56 58 61 90

pb

A: 40 95
B: 82 66 99 10 14 32 53 62 78 3 7 35 60 63 94 4 5 22 55 72 84 12 13 26 33 52 85 6 42 77 88 93 96 9 17 27 29 45 64 19 31 44 47 74 79 23 30 51 59 65 91 36 37 41 70 76 92 15 34 54 68 89 97 16 21 24 25 71 83 20 43 67 73 75 80 38 49 50 57 69 86 1 2 11 28 39 81 0 18 46 87 98 100 8 48 56 58 61 90

sb
TESTA2 = 6
pb1
rb3
rb3
rb3
pb1
rb3
rb4
pb2
rb2
rrb3
rrb3
rrb3
rrb3
rrb3
rrb3
TEST = 6 0
RET2
ICIa = 6 0
RET1
ICIa = 3 0
LASIZE = 3
pb

A:
B: 40 66 82 95 99 10 14 32 53 62 78 3 7 35 60 63 94 4 5 22 55 72 84 12 13 26 33 52 85 6 42 77 88 93 96 9 17 27 29 45 64 19 31 44 47 74 79 23 30 51 59 65 91 36 37 41 70 76 92 15 34 54 68 89 97 16 21 24 25 71 83 20 43 67 73 75 80 38 49 50 57 69 86 1 2 11 28 39 81 0 18 46 87 98 100 8 48 56 58 61 90

pb

A:
B: 40 66 82 95 99 10 14 32 53 62 78 3 7 35 60 63 94 4 5 22 55 72 84 12 13 26 33 52 85 6 42 77 88 93 96 9 17 27 29 45 64 19 31 44 47 74 79 23 30 51 59 65 91 36 37 41 70 76 92 15 34 54 68 89 97 16 21 24 25 71 83 20 43 67 73 75 80 38 49 50 57 69 86 1 2 11 28 39 81 0 18 46 87 98 100 8 48 56 58 61 90

pb

A:
B: 40 66 82 95 99 10 14 32 53 62 78 3 7 35 60 63 94 4 5 22 55 72 84 12 13 26 33 52 85 6 42 77 88 93 96 9 17 27 29 45 64 19 31 44 47 74 79 23 30 51 59 65 91 36 37 41 70 76 92 15 34 54 68 89 97 16 21 24 25 71 83 20 43 67 73 75 80 38 49 50 57 69 86 1 2 11 28 39 81 0 18 46 87 98 100 8 48 56 58 61 90

